// This is a generated file, do not change manually!

# internal name   | gcid | ocid | acode | man | license | copyright holder | URL
                  |    0 |    6 |     1 |
                  |    0 |    0 |     2 |
                  |    0 |    0 |     3 |
                  |    0 |    8 |     4 |
                  |    0 |    0 |     5 |
                  |    0 |    0 |     6 |
                  |    0 |    0 |     7 |
                  |    0 |    0 |     8 |
                  |   60 |    0 |     9 |
                  |    0 |    0 |    10 |
                  |    0 |   31 |    11 |
                  |    0 |   32 |    12 |
                  |    0 |   57 |    13 |
                  |    0 |   54 |    14 |
                  |   47 |   55 |    15 |
                  |    0 |   56 |    16 |
                  |    0 |   58 |    17 |
                  |   24 |    0 |    18 |
                  |   53 |   24 |    19 |
                  |    0 |    0 |    20 |
                  |    9 |   25 |    21 |
                  |   11 |   26 |    22 |
                  |    0 |   27 |    23 |
                  |   10 |   28 |    24 |
                  |   12 |   29 |    25 |
                  |    2 |   36 |    26 |
                  |   32 |    0 |    27 |
                  |    0 |    0 |    28 |
                  |    0 |    0 |    29 |
                  |    0 |   30 |    30 |
                  |    0 |   33 |    31 |
                  |    0 |   34 |    32 |
                  |   25 |   18 |    33 |
                  |   26 |   19 |    34 |
                  |   27 |   20 |    35 |
                  |   28 |   21 |    36 |
                  |   29 |   22 |    37 |
                  |    0 |   23 |    38 |
                  |   13 |   38 |    39 |
                  |   13 |   39 |    40 |
                  |   14 |   40 |    41 |
                  |   14 |    0 |    42 |
                  |   52 |    1 |    43 |
                  |   62 |   42 |    44 |
                  |   62 |   60 |    45 |
                  |    0 |   43 |    46 |
                  |   15 |   44 |    47 |
                  |    0 |   41 |    48 |
                  |    0 |   47 |    49 |
                  |    0 |    0 |    50 |
                  |    0 |    0 |    51 |
                  |   44 |   48 |    52 |
                  |    3 |   49 |    53 |
                  |    0 |   50 |    54 |
                  |    5 |   51 |    55 |
                  |   51 |   46 |    56 |
                  |    4 |   52 |    57 |
                  |    0 |   35 |    58 |
                  |   23 |    9 |    59 |
                  |    0 |   10 |    60 |
                  |   21 |   11 |    61 |
                  |   22 |   12 |    62 |
                  |   39 |   13 |    63 |
                  |   19 |   14 |    64 |
                  |   20 |   15 |    65 |
                  |   17 |   16 |    66 |
                  |   18 |   17 |    67 |
                  |    0 |    0 |    68 |
                  |    0 |   37 |    69 |
                  |    6 |    0 |    70 |
                  |    6 |   59 |    71 |
                  |    0 |   61 |    72 |
                  |   13 |    0 |    73 |

